 0.75026   0.00   8.140  0  0.5380  5.9240  94.10  4.3996   4  307.0  21.00 394.33  16.30  15.60
 1.13081   0.00   8.140  0  0.5380  5.7130  94.10  4.2330   4  307.0  21.00 360.17  22.60  12.70
 5.82401   0.00  18.100  0  0.5320  6.2420  64.70  3.4242  24  666.0  20.20 396.90  10.74  23.00
 11.95110  0.00  18.100  0  0.6590  5.6080 100.00  1.2852  24  666.0  20.20 332.09  12.13  27.90
 7.40389   0.00  18.100  0  0.5970  5.6170  97.90  1.4547  24  666.0  20.20 314.64  26.40  17.20
 5.82401   0.00  18.100  0  0.5320  6.2420  64.70  3.4242  24  666.0  20.20 396.90  10.74  23.00
 5.70818   0.00  18.100  0  0.5320  6.7500  74.90  3.3317  24  666.0  20.20 393.07   7.74  23.70
 5.73116   0.00  18.100  0  0.5320  7.0610  77.00  3.4106  24  666.0  20.20 395.28   7.01  25.00
 2.81838   0.00  18.100  0  0.5320  5.7620  40.30  4.0983  24  666.0  20.20 392.92  10.42  21.80
 2.37857   0.00  18.100  0  0.5830  5.8710  41.90  3.7240  24  666.0  20.20 370.73  13.34  20.60
 3.67367   0.00  18.100  0  0.5830  6.3120  51.90  3.9917  24  666.0  20.20 388.62  10.58  21.20
 5.69175   0.00  18.100  0  0.5830  6.1140  79.80  3.5459  24  666.0  20.20 392.68  14.98  19.10
 4.83567   0.00  18.100  0  0.5830  5.9050  53.20  3.1523  24  666.0  20.20 388.22  11.45  20.60
 0.17331   0.00   9.690  0  0.5850  5.7070  54.00  2.3817   6  391.0  19.20 396.90  12.01  21.80
 0.27957   0.00   9.690  0  0.5850  5.9260  42.60  2.3817   6  391.0  19.20 396.90  13.59  24.50